276
221
294
214
260
231
216
243
209
273
293
213
227
268
231
201
227
286
300
284
230
223
228
260
236
278
244
249
277
263
236
245
250
254
247
272
290
252
229
272
260
256
257
222
231
210
269
207
283
266
276
217
296
222
270
294
280
276
297
266
214
229
217
292
251
221
228
236
288
235
279
211
200
210
257
202
231
265
248
243
265
220
261
206
276
288
250
277
293
216
294
290
222
259
275
285
258
284
259
271
236
281
232
260
235
244
209
245
249
293
290
241
253
271
232
270
229
285
269
273
273
247
285
238
202
209
227
246
274
200
235
233
260
278
240
209
268
232
259
268
235
200
276
296
225
257
279
205
247
257
265
201
221
220
297
269
300
294
298
229
272
221
234
245
260
265
297
295
272
271
299
239
260
256
250
277
253
202
242
274
283
211
267
290
253
284
233
202
214
204
253
205
222
261
264
256
279
294
286
294
247
